Score,Avg,Highscore,Life
-501,-4.10655737704918,0,0
-505,-1.8913857677902621,0,1
-509,-1.4060773480662982,0,2
-507,-1.1367713004484306,0,3
-500,-0.8038585209003215,0,4
-496,-0.6041412911084044,0,5
-469,-0.4598039215686274,0,6
-370,-0.30352748154224773,0,7
-325,-0.22919605077574048,0,8
-334,-0.20655534941249226,0,9
-298,-0.16409691629955947,0,10
-253,-0.12555831265508685,0,11
-253,-0.11427280939476062,0,12
-289,-0.11976792374637381,0,13
-244,-0.09341500765696784,0,14
-253,-0.09000355745286374,0,15
-226,-0.07508305647840531,0,16
-244,-0.07603614833281395,0,17
-217,-0.0636737089201878,0,18
-217,-0.06016079844746327,0,19
-208,-0.05465055176037835,0,20
-217,-0.05418227215980025,0,21
-208,-0.049476688867745006,0,22
-208,-0.047240517828753124,0,23
-199,-0.04324206866579748,0,24
-208,-0.043324307435950844,0,25
-508,-0.10377936670071501,0,26
-500,-0.10111223458038422,0,27
-501,-0.10028022417934347,0,28
-500,-0.09908838684106223,0,29
-500,-0.09811616954474098,0,30
-226,-0.04268177525967894,0,31
-504,-0.09422321929332586,0,32
-501,-0.09277777777777778,0,33
-500,-0.09159186664224217,0,34
-208,-0.0367621067515023,0,35
-501,-0.08586118251928021,0,36
-501,-0.08511722731906218,0,37
-500,-0.08423180592991913,0,38
-500,-0.0835282325425994,0,39
-500,-0.0828363154406892,0,40
-500,-0.0821557673348669,0,41
-500,-0.08148631029986962,0,42
-500,-0.0808276753960556,0,43
-502,-0.08047451106123758,0,44
-500,-0.07951653944020357,0,45
-298,-0.04593802990596578,0,46
-199,-0.02976368531259348,0,47
-199,-0.028903413217138706,0,48
-199,-0.028091473743647656,0,49
-199,-0.027323904984209803,0,50
-208,-0.027800053461641272,0,51
-199,-0.02590808488478063,0,52
-199,-0.025253807106598986,0,53
-199,-0.02463176135660354,0,54
-199,-0.024039623097366514,0,55
-199,-0.023475286068184498,0,56
-199,-0.022936837252189948,0,57
-199,-0.022422535211267604,0,58
-199,-0.021930791271765483,0,59
-199,-0.021460153132750997,0,60
-199,-0.02100929054054054,0,61
-199,-0.02057698273187881,0,62
-199,-0.020162107396149948,0,63
-199,-0.019763630946469362,0,64
-199,-0.01938059992208804,0,65
-199,-0.019012133371548678,0,66
-199,-0.018657416088505532,0,67
-199,-0.018315692590888173,0,68
-199,-0.017986261749819234,0,69
-199,-0.017668471987925063,0,70
-199,-0.01736171697783982,0,71
-199,-0.017065431781150844,0,72
-199,-0.016779089376053963,0,73
-199,-0.01650219752881665,0,74
-199,-0.01623429596997879,0,75
-199,-0.015974953841213776,0,76
-199,-0.015723767383059417,0,77
-199,-0.015480357837417347,0,78
-199,-0.015244369541902865,0,79
-199,-0.015015468195880177,0,80
-199,-0.0147933392804044,0,81
-199,-0.0145776866163651,0,82
-199,-0.014368231046931407,0,83
-199,-0.014164709231973806,0,84
-199,-0.013966872543514879,0,85
-199,-0.01377448605246764,0,86
-199,-0.01358732759797897,0,87
-199,-0.01340518693162681,0,88
-199,-0.013227864929540017,0,89
-199,-0.01305517286623368,0,90
-199,-0.01288693174459267,0,91
-199,-0.012722971677002749,0,92
-199,-0.012563131313131312,0,93
-199,-0.01240725731030613,0,94
-199,-0.012255203842837788,0,95
-199,-0.01210683214698546,0,96
-199,-0.01196201009858139,0,97
-199,-0.01182061182061182,0,98
-199,-0.011682517318304567,0,99
-199,-0.011547612139499798,0,100
-199,-0.011415787058283616,0,101
-199,-0.011286937780046509,0,102
-199,-0.011160964666292765,0,103
-199,-0.011037772477674858,0,104
-199,-0.010917270133859996,0,105
-199,-0.010799370488956423,0,106
-199,-0.010683990121335767,0,107
-199,-0.010571049136786189,0,108
-199,-0.010460470984020184,0,109
-199,-0.010352182281641783,0,110
-199,-0.01024611265575121,0,111
-199,-0.010142194587431833,0,112
-199,-0.010040363269424823,0,113
-199,-0.009940556471352216,0,114
-199,-0.009842714412899396,0,115
-199,-0.009746779644413969,0,116
-199,-0.009652696934419868,0,117
-199,-0.009560413163583954,0,118
-199,-0.009469877224707338,0,119
-199,-0.009381039928345826,0,120
-199,-0.009293853913693256,0,121
-199,-0.009208273564388506,0,122
-199,-0.009124254928931683,0,123
-199,-0.009041755645417784,0,124
-199,-0.008960734870317002,0,125
-199,-0.008881153211050118,0,126
-199,-0.008802972662125099,0,127
-199,-0.008726156544617409,0,128
-199,-0.008650669448791514,0,129
-199,-0.008576477179675041,0,130
-199,-0.008503546705409794,0,131
-199,-0.008431846108215754,0,132
-199,-0.008361344537815125,0,133
-199,-0.008292012167173632,0,134
-199,-0.008223820150425654,0,135
-199,-0.008156740582858549,0,136
-199,-0.008090746462839487,0,137
-199,-0.008025811655575721,0,138
-199,-0.007961910858606066,0,139
-199,-0.007899019568927877,0,140
-199,-0.007837114051669817,0,141
-199,-0.007776171310226251,0,142
-199,-0.0077161690577743315,0,143
-199,-0.007657085690099657,0,144
-199,-0.007598900259660913,0,145
-199,-0.0075415924508280595,0,146
-199,-0.0074851425562326036,0,147
-199,-0.007429531454172111,0,148
-199,-0.0073747405870145276,0,149
-199,-0.00732075194055108,0,150
-199,-0.007267548024249507,0,151
-199,-0.007215111852362134,0,152
-199,-0.0071634269258459326,0,153
-199,-0.007112477215054148,0,154
-199,-0.0070622471431613315,0,155
-199,-0.007012721570285795,0,156
-199,-0.006963885778275476,0,157
-199,-0.006915725456125108,0,158
-199,-0.00686822668599434,0,159
-199,-0.006821375929798101,0,160
-199,-0.006775160016342095,0,161
-199,-0.006729566128977715,0,162
-199,-0.0066845817937521,0,163
-199,-0.006640194868030298,0,164
-199,-0.006596393529567754,0,165
-199,-0.006553166266012447,0,166
-199,-0.006510501864817117,0,167
-199,-0.006468389403542987,0,168
-199,-0.006426818240537398,0,169
-199,-0.006385778005968617,0,170
-199,-0.0063452585932019644,0,171
-199,-0.006305250150502202,0,172
-199,-0.006265743073047859,0,173
-199,-0.006226727995243906,0,174
-199,-0.006188195783319858,0,175
-199,-0.006150137528201007,0,176
-199,-0.006112544538641111,0,177
-199,-0.006075408334605404,0,178
-199,-0.006038720640893366,0,179
-199,-0.006002473380991163,0,180
-199,-0.005966658671144159,0,181
-199,-0.0059312688146403985,0,182
-199,-0.005896296296296296,0,183
-199,-0.005861733777136293,0,184
-199,-0.005827574089258522,0,185
-199,-0.00579381023087897,0,186
-199,-0.005760435361546923,0,187
-199,-0.005727442797524824,0,188
-199,-0.005694826007326007,0,189
-199,-0.005662578607404035,0,190
-199,-0.005630694357987663,0,191
-199,-0.005599167159055739,0,192
-199,-0.005567991046446559,0,193
-199,-0.005537160188096497,0,194
-199,-0.0055066688804029,0,195
-199,-0.005476511544706498,0,196
-199,-0.005446682723888767,0,197
-199,-0.005417177079079897,0,198
-199,-0.005387989386473169,0,199
-199,-0.005359114534241779,0,200
-199,-0.00533054751955427,0,201
-199,-0.0053022834456849,0,202
-199,-0.0052743175192154785,0,203
-199,-0.0052466450473252655,0,204
-199,-0.005219261435165758,0,205
-199,-0.0051921621833172435,0,206
-199,-0.005165342885324197,0,207
-199,-0.0051387992253066495,0,208
-199,-0.005112526975644846,0,209
-199,-0.005086521994734555,0,210
-199,-0.005060780224810538,0,211
-199,-0.005035297689835783,0,212
-199,-0.00501007049345418,0,213
-199,-0.004985094817004434,0,214
-199,-0.0049603669175931,0,215
-199,-0.00493588312622467,0,216
-199,-0.004911639845986771,0,217
-199,-0.004887633550288591,0,218
-199,-0.004863860781150706,0,219
-199,-0.004840318147544573,0,220
-199,-0.004817002323780016,0,221
-199,-0.004793910047939101,0,222
-199,-0.004771038120354831,0,223
-199,-0.004748383402133193,0,224
-199,-0.004725942813717109,0,225
-199,-0.004703713333490912,0,226
-199,-0.004681691996424034,0,227
-199,-0.004659875892752605,0,228
-199,-0.004638262166697744,0,229
-199,-0.0046168480152193585,0,230
-199,-0.004595630686804304,0,231
-199,-0.004574607480287809,0,232
-199,-0.004553775743707094,0,233
-199,-0.0045331328731861775,0,234
-199,-0.004512676311850878,0,235
-199,-0.004492403548773055,0,236
-199,-0.004472312117943186,0,237
-199,-0.004452399597270388,0,238
-199,-0.004432663607609035,0,239
-199,-0.004413101811811146,0,240
-199,-0.0043937119138037625,0,241
-199,-0.0043744916576905326,0,242
-199,-0.0043554388268767785,0,243
-199,-0.004336551243217328,0,244
-199,-0.004317826766186426,0,245
-199,-0.004299263292069047,0,246
-199,-0.004280858753172998,0,247
-199,-0.0042626111170611545,0,248
-199,-0.004244518385803259,0,249
-199,-0.004226578595246692,0,250
-199,-0.004208789814305655,0,251
-199,-0.004191150144268234,0,252
-199,-0.004173657718120806,0,253
-199,-0.004156310699889304,0,254
-199,-0.004139107283996839,0,255
-199,-0.004122045694637198,0,256
-199,-0.004105124185163792,0,257
-199,-0.00408834103749358,0,258
-199,-0.004071694561525556,0,259
-199,-0.00405518309457339,0,260
-199,-0.00403880500081182,0,261
-199,-0.004022558670736391,0,262
-199,-0.004006442520636199,0,263
-199,-0.003990454992079248,0,264
-199,-0.003974594551410082,0,265
-199,-0.003958859689259355,0,266
-199,-0.003943248920064995,0,267
-199,-0.003927760781604658,0,268
-199,-0.003912393834539164,0,269
-199,-0.0038971466619665903,0,270
-199,-0.003882017868986774,0,271
-199,-0.0038670060822758984,0,272
-199,-0.0038521099496709255,0,273
-199,-0.0038373281397635897,0,274
-199,-0.003822659341503707,0,275
-199,-0.0038081022638115467,0,276
-199,-0.003793655635199024,0,277
-199,-0.003779318203399487,0,278
-199,-0.0037650887350058654,0,279
-199,-0.0037509660151169586,0,280
-199,-0.0037369488469916625,0,281
-199,-0.0037230360517109128,0,282
-199,-0.0037092264678471576,0,283
-199,-0.0036955189511411538,0,284
-199,-0.0036819123741859087,0,285
-199,-0.003668405626117573,0,286
-199,-0.0036549976123131174,0,287
-199,-0.0036416872540946106,0,288
-199,-0.003628473488439939,0,289
-199,-0.0036153552676997983,0,290
-199,-0.0036023315593208065,0,291
-199,-0.003589401345574575,0,292
-199,-0.003576563623292595,0,293
-199,-0.003563817403606798,0,294
-199,-0.0035511617116956353,0,295
-199,-0.0035385955865355548,0,296
-199,-0.003526118080657736,0,297
-199,-0.0035137282599099497,0,298
-199,-0.0035014252032234227,0,299
-199,-0.0034892080023845844,0,300
-199,-0.003477075761811574,0,301
-199,-0.0034650275983353937,0,302
-199,-0.0034530626409855977,0,303
-199,-0.003441180030780404,0,304
-199,-0.003429378920521128,0,305
-199,-0.0034176584745908255,0,306
-199,-0.00340601786875706,0,307
-199,-0.003394456289978678,0,308
-199,-0.0033829729362165103,0,309
-199,-0.0033715670162479034,0,310
-199,-0.0033602377494849887,0,311
-199,-0.003348984365796604,0,312
-199,-0.0033378061053337808,0,313
-199,-0.0033267022183587156,0,314
-199,-0.0033156719650771437,0,315
-199,-0.0033047146154740357,0,316
-199,-0.0032938294491525423,0,317
-199,-0.0032830157551761116,0,318
-199,-0.0032722728319137043,0,319
-199,-0.00326159998688804,0,320
-199,-0.0032509965366268054,0,321
-199,-0.003240461806516748,0,322
-199,-0.003229995130660607,0,323
-199,-0.003219595851736802,0,324
-199,-0.0032092633208618245,0,325
-199,-0.00319899689745527,0,326
-199,-0.0031887959491074575,0,327
-199,-0.003178659851449565,0,328
-199,-0.0031685879880262403,0,329
-199,-0.003158579750170627,0,330
-199,-0.0031486345368817443,0,331
-199,-0.0031387517547041845,0,332
-199,-0.003128930817610063,0,333
-199,-0.00311917114688318,0,334
-199,-0.003109472171005344,0,335
-199,-0.0030998333255448074,0,336
-199,-0.003090254053046773,0,337
-199,-0.0030807338029259232,0,338
-199,-0.0030712720313609285,0,339
-199,-0.0030618682011908974,0,340
-199,-0.0030525217818137195,0,341
-199,-0.003043232249086266,0,342
-199,-0.0030339990852264066,0,343
-199,-0.0030248217787168068,0,344
-199,-0.0030156998242104626,0,345
-199,-0.003006632722437941,0,346
-199,-0.0029976199801162898,0,347
-199,-0.002988661109859578,0,348
-199,-0.00297975563009104,0,349
-199,-0.00297090306495678,0,350
-199,-0.002962102944241017,0,351
-199,-0.0029533548032828244,0,352
-199,-0.0029446581828943474,0,353
-199,-0.0029360126292804554,0,354
-199,-0.0029274176939598105,0,355
-199,-0.002918872933687314,0,356
-199,-0.0029103779103779102,0,357
-199,-0.002901932191031717,0,358
-199,-0.002893535347660453,0,359
-199,-0.0028851869572151423,0,360
-199,-0.002876886601515064,0,361
-199,-0.0028686338671779273,0,362
-199,-0.0028604283455512434,0,363
-199,-0.002852269632644871,0,364
-199,-0.002844157329064715,0,365
-199,-0.0028360910399475537,0,366
-199,-0.0028280703748969674,0,367
-199,-0.002820094947920357,0,368
-199,-0.002812164377367023,0,369
-199,-0.002804278285867283,0,370
-199,-0.0027964363002726173,0,371
-199,-0.0027886380515968106,0,372
-199,-0.002780883174958077,0,373
-199,-0.0027731713095221506,0,374
-199,-0.0027655020984463157,0,375
-199,-0.0027578751888243692,0,376
-199,-0.002750290231632484,0,377
-199,-0.00274274688167597,0,378
-199,-0.0027352447975369054,0,379
-199,-0.002727783641522624,0,380
-199,-0.002720363079615048,0,381
-199,-0.0027129827814208396,0,382
-199,-0.0027056424201223656,0,383
-199,-0.0026983416724294567,0,384
-199,-0.0026910802185319414,0,385
-199,-0.002683857742052949,0,386
-199,-0.0026766739300029593,0,387
-199,-0.0026695284727345898,0,388
-199,-0.0026624210638981054,0,389
-199,-0.0026553514003976354,0,390
-199,-0.0026483191823480877,0,391
-199,-0.0026413241130327446,0,392
-199,-0.0026343658988615304,0,393
-199,-0.0026274442493299357,0,394
-199,-0.0026205588769785877,0,395
-199,-0.002613709497353455,0,396
-199,-0.0026068958289666736,0,397
-199,-0.0026001175932579865,0,398
-199,-0.0025933745145567807,0,399
-199,-0.0025866663200447143,0,400
-199,-0.0025799927397189234,0,401
-199,-0.0025733535063557954,0,402
-199,-0.0025667483554753,0,403
-199,-0.0025601770253058705,0,404
-199,-0.0025536392567498205,0,405
-199,-0.0025471347933492903,0,406
-199,-0.002540663381252713,0,407
-199,-0.0025342247691817893,0,408
-199,-0.0025278187083989634,0,409
-199,-0.0025214449526753924,0,410
-199,-0.002515103258259397,0,411
-199,-0.002508793383845388,0,412
-199,-0.0025025150905432594,0,413
-199,-0.0024962681418482418,0,414
-199,-0.0024900523036112017,0,415
-199,-0.0024838673440093864,0,416
-199,-0.0024777130335176057,0,417
-199,-0.002471589144879836,0,418
-199,-0.00246549545308125,0,419
-199,-0.002459431735320653,0,420
-199,-0.002453397770983332,0,421
-199,-0.002447393341614296,0,422
-199,-0.0024414182308919153,0,423
-199,-0.002435472224601941,0,424
-199,-0.002429555110611906,0,425
-199,-0.0024236666788458963,0,426
-199,-0.0024178067212596893,0,427
-199,-0.0024119750318162534,0,428
-199,-0.002406171406461598,0,429
-199,-0.0024003956431009736,0,430
-199,-0.002394647541575413,0,431
-199,-0.002388926903638612,0,432
-199,-0.002383233532934132,0,433
-199,-0.002377567234972939,0,434
-199,-0.0023719278171112543,0,435
-199,-0.002366315088528723,0,436
-199,-0.00236072886020689,0,437
-199,-0.0023551689449079825,0,438
-199,-0.0023496351571539896,0,439
-199,-0.002344127313206036,0,440
-199,-0.0023386452310440466,0,441
-199,-0.0023331887303466954,0,442
-199,-0.0023277576324716343,0,443
-199,-0.0023223517604359953,0,444
-199,-0.0023169709388971686,0,445
-199,-0.0023116149941338412,0,446
-199,-0.0023062837540273047,0,447
-199,-0.002300977048043013,0,448
-199,-0.0022956947072124037,0,449
-199,-0.002290436564114959,0,450
-199,-0.002285202452860522,0,451
-199,-0.0022799922090718486,0,452
-199,-0.002274805669867398,0,453
-199,-0.002269642673844364,0,454
-199,-0.002264503061061927,0,455
-199,-0.0022593866730247396,0,456
-199,-0.0022542933526666364,0,457
-199,-0.002249222944334558,0,458
-199,-0.0022441752937726956,0,459
-199,-0.002239150248106849,0,460
-199,-0.0022341476558289924,0,461
-199,-0.0022291673667820455,0,462
-199,-0.002224209232144853,0,463
-199,-0.002219273104417357,0,464
-199,-0.002214358837405973,0,465
-199,-0.0022094662862091555,0,466
-199,-0.002204595307203155,0,467
-199,-0.0021997457580279667,0,468
-199,-0.002194917497573458,0,469
-199,-0.0021901103859656846,0,470
-199,-0.002185324284553381,0,471
-199,-0.0021805590558946317,0,472
-199,-0.002175814563743713,0,473
-199,-0.002171090673038109,0,474
-199,-0.002166387249885693,0,475
-199,-0.002161704161552082,0,476
-199,-0.0021570412764481445,0,477
-199,-0.002152398464117679,0,478
-199,-0.0021477755952252465,0,479
-199,-0.002143172541544161,0,480
-199,-0.002138589175944633,0,481
-199,-0.0021340253723820656,0,482
-199,-0.0021294810058855003,0,483
-199,-0.00212495595254621,0,484
-199,-0.002120450089506436,0,485
-199,-0.0021159632949482705,0,486
-199,-0.0021114954480826774,0,487
-199,-0.002107046429138652,0,488
-199,-0.002102616119352521,0,489
-199,-0.0020982044009573717,0,490
-199,-0.0020938111571726183,0,491
-199,-0.002089436272193698,0,492
-199,-0.002085079631181894,0,493
-199,-0.0020807411202542897,0,494
-199,-0.0020764206264738414,0,495
-199,-0.0020721180378395826,0,496
-199,-0.002067833243276944,0,497
-199,-0.002063566132628195,0,498
-199,-0.0020593165966430035,0,499
