Score,Avg,Highscore,Life
-504,-4.710280373831775,0,0
-501,-2.0201612903225805,0,1
-507,-1.1763341067285382,0,2
-487,-0.773015873015873,0,3
-500,-0.6134969325153374,0,4
-442,-0.4358974358974359,0,5
-370,-0.30502885408079145,0,6
-361,-0.2556657223796034,0,7
-334,-0.20732464307883303,0,8
-307,-0.1696132596685083,0,9
-280,-0.13937282229965156,0,10
-253,-0.11458333333333333,0,11
-289,-0.12006647278770254,0,12
-262,-0.10053722179585571,0,13
-226,-0.08057040998217468,0,14
-226,-0.07523302263648468,0,15
-208,-0.06493911957539807,0,16
-217,-0.06378600823045268,0,17
-208,-0.05776173285198556,0,18
-217,-0.057105263157894735,0,19
-226,-0.056514128532133036,0,20
-208,-0.04954740352548833,0,21
-500,-0.11745360582569885,0,22
-208,-0.0466786355475763,0,23
-208,-0.04468313641245972,0,24
-504,-0.10621707060063225,0,25
-500,-0.10427528675703858,0,26
-501,-0.10338423442014032,0,27
-502,-0.10249081257656187,0,28
-501,-0.10123257223681552,0,29
-501,-0.09930624380574826,0,30
-235,-0.04481311975591152,0,31
-199,-0.0365607201910711,0,32
-199,-0.03527118043247075,0,33
-500,-0.08567511994516792,0,34
-501,-0.08510276881263802,0,35
-503,-0.08468013468013467,0,36
-501,-0.08362543815723586,0,37
-500,-0.08276775368316504,0,38
-503,-0.08254020347883163,0,39
-500,-0.08138020833333333,0,40
-500,-0.08072328059412334,0,41
-500,-0.0800768737988469,0,42
-500,-0.07944073721004132,0,43
-500,-0.07881462799495587,0,44
-244,-0.037291762188598504,0,45
-199,-0.029516463957282704,0,46
-199,-0.02867022042933295,0,47
-199,-0.027871148459383755,0,48
-199,-0.02711541081891266,0,49
-500,-0.06677350427350427,0,50
-500,-0.06633059166887768,0,51
-500,-0.06589351607801792,0,52
-502,-0.0644912641315519,0,53
-500,-0.06382435537401072,0,54
-500,-0.06341958396752917,0,55
-334,-0.041321291599653594,0,56
-199,-0.024028012557353297,0,57
-199,-0.023464214125692724,0,58
-199,-0.02292626728110599,0,59
-199,-0.02241243383263881,0,60
-199,-0.0219211280017625,0,61
-199,-0.02145090007545543,0,62
-199,-0.02100042211903757,0,63
-199,-0.020568475452196384,0,64
-199,-0.02015393963945716,0,65
-199,-0.019755782785664647,0,66
-199,-0.019373052959501556,0,67
-199,-0.019004870594976603,0,68
-199,-0.018650421743205248,0,69
-199,-0.018308952065507405,0,70
-199,-0.01797976147452114,0,71
-199,-0.017662199343214696,0,72
-199,-0.01735566021280307,0,73
-199,-0.017059579939991427,0,74
-199,-0.01677343223196224,0,75
-199,-0.016496725524330597,0,76
-199,-0.01622900016310553,0,77
-199,-0.01596982585667282,0,78
-199,-0.015718799368088468,0,79
-199,-0.015475542421650206,0,80
-199,-0.015239699800888344,0,81
-199,-0.015010937617862262,0,82
-199,-0.014788941736028537,0,83
-199,-0.01457341633101428,0,84
-199,-0.014364082575429479,0,85
-199,-0.014160677435423041,0,86
-199,-0.013962952568060624,0,87
-199,-0.01377067330980555,0,88
-199,-0.013583617747440274,0,89
-199,-0.013401575863694525,0,90
-199,-0.01322434875066454,0,91
-199,-0.013051747884829802,0,92
-199,-0.012883594458112133,0,93
-199,-0.012719718759987217,0,94
-199,-0.01255995960616006,0,95
-199,-0.012404163809761266,0,96
-199,-0.012252185691417313,0,97
-199,-0.012103886624901162,0,98
-199,-0.011959134615384615,0,99
-199,-0.011817803907595462,0,100
-199,-0.01167977462143444,0,101
-199,-0.011544932412832859,0,102
-199,-0.011413168157834365,0,103
-199,-0.011284377658066346,0,104
-199,-0.011158461365930246,0,105
-199,-0.011035324127987578,0,106
-199,-0.010914874945151382,0,107
-199,-0.010797026748413,0,108
-199,-0.010681696188942566,0,109
-199,-0.010568803441499814,0,110
-199,-0.010458272020180787,0,111
-199,-0.0103500286056067,0,112
-199,-0.01024400288273448,0,113
-199,-0.010140127388535031,0,114
-199,-0.010038337368845844,0,115
-199,-0.009938570643759677,0,116
-199,-0.00984076748096133,0,117
-199,-0.0097448704764703,0,118
-199,-0.00965082444228904,0,119
-199,-0.009558576300494741,0,120
-199,-0.009468074983347606,0,121
-199,-0.009379271339020596,0,122
-199,-0.009292118042584983,0,123
-199,-0.009206569511913024,0,124
-199,-0.009122581828183735,0,125
-199,-0.009040112660700496,0,126
-199,-0.008959121195750045,0,127
-199,-0.008879568069251706,0,128
-199,-0.00880141530296329,0,129
-199,-0.00872462624402648,0,130
-199,-0.008649165507649513,0,131
-199,-0.008574998922738828,0,132
-199,-0.008502093480304196,0,133
-199,-0.008430417284473628,0,134
-199,-0.008359939505965384,0,135
-199,-0.008290630337874432,0,136
-199,-0.008222460953640195,0,137
-199,-0.008155403467071021,0,138
-199,-0.008089430894308943,0,139
-199,-0.008024517117625711,0,140
-199,-0.007960636850948076,0,141
-199,-0.007897765607016709,0,142
-199,-0.007835879666089148,0,143
-199,-0.007774956046102755,0,144
-199,-0.0077149724742188105,0,145
-199,-0.007655907359673759,0,146
-199,-0.007597739767868051,0,147
-199,-0.007540449395627297,0,148
-199,-0.007484016547574276,0,149
-199,-0.00742842211355407,0,150
-199,-0.0073736475470579516,0,151
-199,-0.007319674844594843,0,152
-199,-0.0072664865259621705,0,153
-199,-0.007214065615370672,0,154
-199,-0.007162395623380363,0,155
-199,-0.007111460529607262,0,156
-199,-0.007061244766162799,0,157
-199,-0.00701173320178993,0,158
-199,-0.006962911126662002,0,159
-199,-0.006914764237812294,0,160
-199,-0.006867278625163917,0,161
-199,-0.0068204407581314045,0,162
-199,-0.0067742374727668845,0,163
-199,-0.00672865595942519,0,164
-199,-0.006683683750923625,0,165
-199,-0.006639308711173389,0,166
-199,-0.006595519024260904,0,167
-199,-0.006552303183958381,0,168
-199,-0.006509649983644095,0,169
-199,-0.0064675485066138,0,170
-199,-0.006425988116765694,0,171
-199,-0.00638495844964225,0,172
-199,-0.006344449403813046,0,173
-199,-0.006304451132583558,0,174
-199,-0.0062649540360156155,0,175
-199,-0.006225948753245941,0,176
-199,-0.006187426155089858,0,177
-199,-0.006149377336917895,0,178
-199,-0.006111793611793612,0,179
-199,-0.006074666503861534,0,180
-199,-0.006037987741974634,0,181
-199,-0.0060017492535512865,0,182
-199,-0.005965943158652116,0,183
-199,-0.0059305617642676205,0,184
-199,-0.005895597558807845,0,185
-199,-0.005861043206785851,0,186
-199,-0.005826891543687046,0,187
-199,-0.005793135571016856,0,188
-199,-0.005759768451519537,0,189
-199,-0.0057267835045612826,0,190
-199,-0.005694174201671054,0,191
-199,-0.005661934162232907,0,192
-199,-0.0056300571493238276,0,193
-199,-0.0055985370656913775,0,194
-199,-0.005567367949865711,0,195
-199,-0.0055365439724007455,0,196
-199,-0.0055060594322395,0,197
-199,-0.005475908753198866,0,198
-199,-0.005446086480569239,0,199
-199,-0.005416587277824655,0,200
-199,-0.005387405923439277,0,201
-199,-0.005358537307806231,0,202
-199,-0.005329976430254982,0,203
-199,-0.005301718396163581,0,204
-199,-0.005273758414162294,0,205
-199,-0.00524609179342525,0,206
-199,-0.0052187139410468895,0,207
-199,-0.005191620359500143,0,208
-199,-0.005164806644173371,0,209
-199,-0.0051382684809832425,0,210
-199,-0.00511200164406083,0,211
-199,-0.005086001993508319,0,212
-199,-0.005060265473223822,0,213
-199,-0.0050347881087919035,0,214
-199,-0.0050095660054375185,0,215
-199,-0.004984595346041129,0,216
-199,-0.0049598723892129,0,217
-199,-0.004935393467423923,0,218
-199,-0.004911154985192498,0,219
-199,-0.004887153417323608,0,220
-199,-0.004863385307199765,0,221
-199,-0.0048398472651214825,0,222
-199,-0.004816535966695711,0,223
-199,-0.004793448151270625,0,224
-199,-0.004770580620415209,0,225
-199,-0.004747930236442154,0,226
-199,-0.004725493920972644,0,227
-199,-0.004703268653541632,0,228
-199,-0.004681251470242296,0,229
-199,-0.0046594394624083916,0,230
-199,-0.004637829775333271,0,231
-199,-0.004616419607024381,0,232
-199,-0.004595206206992102,0,233
-199,-0.004574186875071831,0,234
-199,-0.004553358960278236,0,235
-199,-0.004532719859690682,0,236
-199,-0.004512267017368827,0,237
-199,-0.004491997923297442,0,238
-199,-0.00447191011235955,0,239
-199,-0.004452001163336988,0,240
-199,-0.004432268697937548,0,241
-199,-0.004412710379847883,0,242
-199,-0.004393323913811374,0,243
-199,-0.00437410704473019,0,244
-199,-0.004355057556790826,0,245
-199,-0.004336173272612381,0,246
-199,-0.004317452052416905,0,247
-199,-0.004298891793221144,0,248
-199,-0.004280490428049043,0,249
-199,-0.004262245925164386,0,250
-199,-0.004244156287322982,0,251
-199,-0.004226219551043813,0,252
-199,-0.004208433785898575,0,253
-199,-0.0041907970938191005,0,254
-199,-0.004173307608422112,0,255
-199,-0.004155963494350813,0,256
-199,-0.004138762946632835,0,257
-199,-0.004121704190054059,0,258
-199,-0.004104785478547855,0,259
-199,-0.004088005094599314,0,260
-199,-0.00407136134866402,0,261
-199,-0.004054852578600974,0,262
-199,-0.004038477149119247,0,263
-199,-0.004022233451237999,0,264
-199,-0.004006119901759472,0,265
-199,-0.003990134942754597,0,266
-199,-0.003974277041060873,0,267
-199,-0.003958544687792167,0,268
-199,-0.003942936397860115,0,269
-199,-0.003927450709506799,0,270
-199,-0.003912086183848392,0,271
-199,-0.003896841404429475,0,272
-199,-0.0038817149767877345,0,273
-199,-0.0038667055280287572,0,274
-199,-0.0038518117064106536,0,275
-199,-0.003837032180938241,0,276
-199,-0.0038223656409665397,0,277
-199,-0.0038078107958133215,0,278
-199,-0.0037933663743804804,0,279
-199,-0.0037790311247839874,0,280
-199,-0.0037648038139922054,0,281
-199,-0.003750683227472341,0,282
-199,-0.003736668168844825,0,283
-199,-0.003722757459545412,0,284
-199,-0.0037089499384948,0,285
-199,-0.0036952444617755742,0,286
-199,-0.003681639902316288,0,287
-199,-0.003668135149582496,0,288
-199,-0.003654729109274564,0,289
-199,-0.0036414207030320772,0,290
-199,-0.0036282088681446906,0,291
-199,-0.0036150925572692428,0,292
-199,-0.0036020707381529886,0,293
-199,-0.003589142393362792,0,294
-199,-0.003576306520020128,0,295
-199,-0.003563562129541751,0,296
-199,-0.0035509082473858893,0,297
-199,-0.0035383439128038262,0,298
-199,-0.00352586817859674,0,299
-199,-0.0035134801108776636,0,300
-199,-0.003501178788838453,0,301
-199,-0.003488963304521626,0,302
-199,-0.003476832762596967,0,303
-199,-0.00346478628014277,0,304
-199,-0.0034528229864316203,0,305
-199,-0.003440942022720592,0,306
-199,-0.0034291425420457677,0,307
-199,-0.0034174237090209684,0,308
-199,-0.0034057846996405957,0,309
-199,-0.003394224701086493,0,310
-199,-0.003382742911538723,0,311
-199,-0.003371338539990174,0,312
-199,-0.003360010806064904,0,313
-199,-0.003348758939840135,0,314
-199,-0.00333758218167181,0,315
-199,-0.003326479782023636,0,316
-199,-0.0033154510012995235,0,317
-199,-0.003304495109679348,0,318
-199,-0.003293611386957961,0,319
-199,-0.0032827991223873705,0,320
-199,-0.0032720576145220167,0,321
-199,-0.0032613861710670796,0,322
-199,-0.003250784108729744,0,323
-199,-0.0032402507530733533,0,324
-199,-0.0032297854383743956,0,325
-199,-0.003219387507482245,0,326
-199,-0.00320905631168161,0,327
-199,-0.0031987912105576185,0,328
-199,-0.0031885915718634834,0,329
-199,-0.0031784567713906945,0,330
-199,-0.0031683861928416763,0,331
-199,-0.0031583792277048582,0,332
-199,-0.003148435275132108,0,333
-199,-0.0031385537418184687,0,334
-199,-0.0031287340418841582,0,335
-199,-0.003118975596758773,0,336
-199,-0.003109277835067654,0,337
-199,-0.003099640192520366,0,338
-199,-0.003090062111801242,0,339
-199,-0.003080543042461958,0,340
-199,-0.0030710824408160748,0,341
-199,-0.0030616797698355307,0,342
-199,-0.0030523344990490216,0,343
-199,-0.0030430461044422354,0,344
-199,-0.003033814068359911,0,345
-199,-0.0030246378794096637,0,346
-199,-0.0030155170323675597,0,347
-199,-0.0030064510280853893,0,348
-199,-0.0029974393733996083,0,349
-199,-0.0029884815810419137,0,350
-199,-0.0029795771695514165,0,351
-199,-0.0029707256631883797,0,352
-199,-0.0029619265918494923,0,353
-199,-0.0029531794909846403,0,354
-199,-0.0029444839015151515,0,355
-199,-0.002935839369753478,0,356
-199,-0.0029272454473242915,0,357
-199,-0.00291870169108696,0,358
-199,-0.002910207663059374,0,359
-199,-0.002901762930343108,0,360
-199,-0.0028933670650498704,0,361
-199,-0.002885019644229236,0,362
-199,-0.0028767202497976176,0,363
-199,-0.0028684684684684683,0,364
-199,-0.002860263891683675,0,365
-199,-0.0028521061155461283,0,366
-199,-0.002843994740753444,0,367
-199,-0.002835929372532813,0,368
-199,-0.0028279096205769505,0,369
-199,-0.0028199350989811392,0,370
-199,-0.002812005426181325,0,371
-199,-0.00280412022489326,0,372
-199,-0.0027962791220526658,0,373
-199,-0.002788481748756393,0,374
-199,-0.0027807277402045723,0,375
-199,-0.002773016735643716,0,376
-199,-0.002765348378310775,0,377
-199,-0.0027577223153781127,0,378
-199,-0.002750138197899392,0,379
-199,-0.00274259568075635,0,380
-199,-0.002735094422606449,0,381
-199,-0.0027276340858313802,0,382
-199,-0.0027202143364864124,0,383
-199,-0.002712834844250562,0,384
-199,-0.0027054952823775727,0,385
-199,-0.002698195327647689,0,386
-199,-0.0026909346603202077,0,387
-199,-0.002683712964086796,0,388
-199,-0.002676529926025555,0,389
-199,-0.0026693852365558225,0,390
-199,-0.0026622785893936963,0,391
-199,-0.002655209681508266,0,392
-199,-0.0026481782130785407,0,393
-199,-0.0026411838874510585,0,394
-199,-0.002634226411098168,0,395
-199,-0.0026273054935769644,0,396
-199,-0.002620420847488873,0,397
-199,-0.002613572188439868,0,398
-199,-0.00260675923500131,0,399
-199,-0.002599981708671396,0,400
-199,-0.0025932393338372124,0,401
-199,-0.0025865318377373695,0,402
-199,-0.002579858950425223,0,403
-199,-0.0025732204047326564,0,404
-199,-0.0025666159362344263,0,405
-199,-0.0025600452832130497,0,406
-199,-0.0025535081866242364,0,407
-199,-0.002547004390062843,0,408
-199,-0.00254053363972935,0,409
-199,-0.002534095684396847,0,410
-199,-0.0025276902753785186,0,411
-199,-0.0025213171664956223,0,412
-199,-0.002514976114045952,0,413
-199,-0.0025086668767727704,0,414
-199,-0.0025023892158342136,0,415
-199,-0.002496142894773152,0,416
-199,-0.0024899276794875004,0,417
-199,-0.002483743338200971,0,418
-199,-0.002477589641434263,0,419
-199,-0.0024714663619766764,0,420
-199,-0.0024653732748581483,0,421
-199,-0.0024593101573217,0,422
-199,-0.0024532767887962916,0,423
-199,-0.002447272950870073,0,424
-199,-0.002441298427264028,0,425
-199,-0.002435353003806004,0,426
-199,-0.0024294364684051177,0,427
-199,-0.0024235486110265373,0,428
-199,-0.0024176892236666262,0,429
-199,-0.002411858100328449,0,430
-199,-0.00240605503699763,0,431
-199,-0.0024002798316185604,0,432
-199,-0.0023945322840709456,0,433
-199,-0.0023888121961466897,0,434
-199,-0.0023831193715271124,0,435
-199,-0.0023774536157604863,0,436
-199,-0.0023718147362398988,0,437
-199,-0.0023662025421814247,0,438
-199,-0.00236061684460261,0,439
-199,-0.002355057456301258,0,440
-199,-0.002349524191834518,0,441
-199,-0.0023440168674982624,0,442
-199,-0.0023385353013067596,0,443
-199,-0.0023330793129726244,0,444
-199,-0.0023276487238870565,0,445
-199,-0.0023222433571003466,0,446
-199,-0.002316863037302659,0,447
-199,-0.0023115075908050784,0,448
-199,-0.0023061768455209177,0,449
-199,-0.002300870630947288,0,450
-199,-0.002295588778146918,0,451
-199,-0.0022903311197302245,0,452
-199,-0.0022850974898376317,0,453
-199,-0.0022798877241221286,0,454
-199,-0.0022747016597320655,0,455
-199,-0.002269539135294185,0,456
-199,-0.0022643999908968843,0,457
-199,-0.002259284068073705,0,458
-199,-0.002254191209787041,0,459
-199,-0.0022491212604120753,0,460
-199,-0.002244074065720923,0,461
-199,-0.002239049472866996,0,462
-199,-0.0022340473303695723,0,463
-199,-0.002229067488098572,0,464
-199,-0.002224109797259539,0,465
-199,-0.0022191741103788206,0,466
-199,-0.0022142602812889444,0,467
-199,-0.0022093681651141877,0,468
-199,-0.002204497618256342,0,469
-199,-0.0021996484983806608,0,470
-199,-0.002194820664401994,0,471
-199,-0.002190013976471106,0,472
-199,-0.002185228295961171,0,473
-199,-0.002180463485454446,0,474
-199,-0.0021757194087291174,0,475
-199,-0.002170995930746321,0,476
-199,-0.0021662929176373257,0,477
-199,-0.0021616102366908896,0,478
-199,-0.0021569477563407762,0,479
-199,-0.0021523053461534303,0,480
-199,-0.002147682876815817,0,481
-199,-0.0021430802201234155,0,482
-199,-0.0021384972489683633,0,483
-199,-0.0021339338373277572,0,484
-199,-0.002129389860252103,0,485
-199,-0.0021248651938539074,0,486
-199,-0.002120359715296424,0,487
-199,-0.002115873302782533,0,488
-199,-0.0021114058355437668,0,489
-199,-0.002106957193829474,0,490
-199,-0.0021025272588961206,0,491
-199,-0.002098115912996721,0,492
-199,-0.00209372303937041,0,493
-199,-0.002089348522232138,0,494
-199,-0.0020849922467624997,0,495
-199,-0.002080654099097686,0,496
-199,-0.0020763339663195674,0,497
-199,-0.0020720317364458928,0,498
-199,-0.002067747298420615,0,499
