Score,Avg,Highscore,Life
-502,-3.5602836879432624,0,0
-500,-2.202643171806167,0,1
-500,-1.2987012987012987,0,2
-500,-0.8635578583765112,0,3
-500,-0.6468305304010349,0,4
-478,-0.49176954732510286,0,5
-379,-0.32365499573014517,0,6
-379,-0.27664233576642333,0,7
-361,-0.23008285532186107,0,8
-334,-0.18891402714932126,0,9
-298,-0.15149974580579562,0,10
-253,-0.11680517082179132,0,11
-280,-0.11839323467230443,0,12
-253,-0.09867394695787832,0,13
-208,-0.07528049221860297,0,14
-226,-0.07629979743416611,0,15
-235,-0.0743435621638722,0,16
-244,-0.07261904761904762,0,17
-208,-0.05844338297274515,0,18
-208,-0.05534858967535923,0,19
-217,-0.0548395248925954,0,20
-199,-0.047882579403272375,0,21
-208,-0.04776119402985075,0,22
-208,-0.04567413263065437,0,23
-199,-0.041868293709236275,0,24
-199,-0.04018578352180937,0,25
-208,-0.04038050863909921,0,26
-199,-0.03719626168224299,0,27
-199,-0.035862317534690935,0,28
-199,-0.03462073764787752,0,29
-199,-0.03346224987388599,0,30
-199,-0.03237878294825903,0,31
-199,-0.03136327817178881,0,32
-199,-0.03040953545232274,0,33
-199,-0.02951208660833457,0,34
-199,-0.028666090463843275,0,35
-199,-0.027867245483825794,0,36
-199,-0.027111716621253407,0,37
-199,-0.026396073749834194,0,38
-199,-0.025717239596795036,0,39
-199,-0.02507244550837848,0,40
-199,-0.024459193706981318,0,41
-199,-0.023875224955009,0,42
-199,-0.02331849074291071,0,43
-199,-0.022787129279743502,0,44
-199,-0.022279444693237796,0,45
-199,-0.021793888949731683,0,46
-199,-0.02132904608788853,0,47
-199,-0.020883618427956763,0,48
-199,-0.02045641447368421,0,49
-199,-0.020046338269366373,0,50
-199,-0.01965238001185068,0,51
-199,-0.01927360774818402,0,52
-199,-0.018909160015203343,0,53
-199,-0.018558239298703722,0,54
-199,-0.018220106207654276,0,55
-199,-0.01789407427389623,0,56
-199,-0.017579505300353356,0,57
-199,-0.017275805191422865,0,58
-199,-0.01698242020822666,0,59
-199,-0.016698833599060166,0,60
-199,-0.01642456256190162,0,61
-199,-0.01615915550142103,0,62
-199,-0.015902189547706568,0,63
-199,-0.01565326830803115,0,64
-199,-0.015412019826517968,0,65
-199,-0.015178094729616353,0,66
-199,-0.014951164537941397,0,67
-199,-0.014730920127322526,0,68
-199,-0.014517070323898453,0,69
-199,-0.01430934061983174,0,70
-199,-0.014107471997731462,0,71
-199,-0.013911219853198183,0,72
-199,-0.013720353006067292,0,73
-199,-0.01353465279194722,0,74
-199,-0.013353912226546772,0,75
-199,-0.013177935236077081,0,76
-199,-0.013006535947712419,0,77
-199,-0.012839538034711917,0,78
-199,-0.012676774111351765,0,79
-199,-0.01251808517330314,0,80
-199,-0.012363320079522863,0,81
-199,-0.012212335072108008,0,82
-199,-0.012064993330908208,0,83
-199,-0.011921164559995208,0,84
-199,-0.011780724603362538,0,85
-199,-0.011643555087472938,0,86
-199,-0.011509543088490457,0,87
-199,-0.011378580822231118,0,88
-199,-0.011250565355042968,0,89
-199,-0.011125398333985577,0,90
-199,-0.011002985734822515,0,91
-199,-0.010883237626469785,0,92
-199,-0.01076606795066003,0,93
-199,-0.010651394315688059,0,94
-199,-0.010539137803198814,0,95
-199,-0.010429222787065668,0,96
-199,-0.010321576763485477,0,97
-199,-0.01021613019148827,0,98
-199,-0.010112816343124302,0,99
-199,-0.0100115711626503,0,100
-199,-0.009912333134090456,0,101
-199,-0.009815043156596794,0,102
-199,-0.009719644427078246,0,103
-199,-0.009626082329608668,0,104
-199,-0.009534304331161364,0,105
-199,-0.009444259883251862,0,106
-199,-0.009355900329102022,0,107
-199,-0.009269178815967208,0,108
-199,-0.009184050212294627,0,109
-199,-0.00910047102940504,0,110
-199,-0.009018399347412309,0,111
-199,-0.008937794745115652,0,112
-199,-0.008858618233618233,0,113
-199,-0.008780832193443057,0,114
-199,-0.008704400314933077,0,115
-199,-0.008629287541737132,0,116
-199,-0.008555460017196904,0,117
-199,-0.008482885033462636,0,118
-199,-0.008411530983176938,0,119
-199,-0.008341367313576728,0,120
-199,-0.008272364482873296,0,121
-199,-0.008204493918779632,0,122
-199,-0.00813772797906273,0,123
-199,-0.008072039914006408,0,124
-199,-0.008007403830677612,0,125
-199,-0.007943794658895852,0,126
-199,-0.007881188118811881,0,127
-199,-0.007819560690007466,0,128
-199,-0.007758889582033687,0,129
-199,-0.00769915270631021,0,130
-199,-0.007640328649312755,0,131
-199,-0.007582396646980377,0,132
-199,-0.007525336560278324,0,133
-199,-0.007469128851856023,0,134
-199,-0.007413754563743387,0,135
-199,-0.007359195296031951,0,136
-199,-0.007305433186490455,0,137
-199,-0.007252450891067459,0,138
-199,-0.007200231565236269,0,139
-199,-0.007148758846140029,0,140
-199,-0.007098016835497218,0,141
-199,-0.007047990083230034,0,142
-199,-0.006998663571780263,0,143
-199,-0.006950022701079174,0,144
-199,-0.0069020532741398445,0,145
-199,-0.0068547414832420515,0,146
-199,-0.006808073896681492,0,147
-199,-0.006762037446056611,0,148
-199,-0.006716619414067774,0,149
-199,-0.006671807422804842,0,150
-199,-0.0066275894225005,0,151
-199,-0.006583953680727874,0,152
-199,-0.006540888772022088,0,153
-199,-0.006498383567906475,0,154
-199,-0.006456427227305172,0,155
-199,-0.006415009187324716,0,156
-199,-0.006374119154388212,0,157
-199,-0.00633374709570642,0,158
-199,-0.006293883231070909,0,159
-199,-0.006254518024955213,0,160
-199,-0.006215642178910545,0,161
-199,-0.006177246624243365,0,162
-199,-0.006139322514962671,0,163
-199,-0.0061018612209854965,0,164
-199,-0.006064854321589663,0,165
-199,-0.006028293599103329,0,166
-199,-0.005992171032821439,0,167
-199,-0.005956478793139573,0,168
-199,-0.005921209235896215,0,169
-199,-0.00588635489691484,0,170
-199,-0.005851908486737635,0,171
-199,-0.0058178628855430495,0,172
-199,-0.005784211138239739,0,173
-199,-0.005750946449729792,0,174
-199,-0.005718062180334464,0,175
-199,-0.005685551841375961,0,176
-199,-0.005653409090909091,0,177
-199,-0.005621627729596881,0,178
-199,-0.005590201696724535,0,179
-199,-0.0055591250663463414,0,180
-199,-0.005528392043560396,0,181
-199,-0.0054979969609062025,0,182
-199,-0.005467934274880475,0,183
-199,-0.005438198562566611,0,184
-199,-0.005408784518373559,0,185
-199,-0.005379686950879944,0,186
-199,-0.0053509007797795105,0,187
-199,-0.005322421032924122,0,188
-199,-0.005294242843460679,0,189
-199,-0.005266361447058512,0,190
-199,-0.005238772179223925,0,191
-199,-0.005211470472698703,0,192
-199,-0.005184451854939558,0,193
-199,-0.005157711945675557,0,194
-199,-0.005131246454540766,0,195
-199,-0.0051050511787794055,0,196
-199,-0.005079122001020929,0,197
-199,-0.005053454887122578,0,198
-199,-0.005028045884077012,0,199
-199,-0.0050028911179827535,0,200
-199,-0.004977986792075245,0,201
-199,-0.004953329184816428,0,202
-199,-0.0049289146480408184,0,203
-199,-0.004904739605156139,0,204
-199,-0.004880800549396645,0,205
-199,-0.004857094042127358,0,206
-199,-0.004833616711197474,0,207
-199,-0.004810365249341295,0,208
-199,-0.004787336412625096,0,209
-199,-0.004764527018938396,0,210
-199,-0.004741933946528142,0,211
-199,-0.00471955413257441,0,212
-199,-0.0046973845718062505,0,213
-199,-0.004675422315156356,0,214
-199,-0.0046536644684533,0,215
-199,-0.0046321081911501125,0,216
-199,-0.004610750695088045,0,217
-199,-0.004589589243294357,0,218
-199,-0.004568621148813077,0,219
-199,-0.004547843773567658,0,220
-199,-0.004527254527254527,0,221
-199,-0.004506850866266561,0,222
-199,-0.004486630292645534,0,223
-199,-0.0044665903530626445,0,224
-199,-0.004446728637826243,0,225
-199,-0.004427042779915909,0,226
-199,-0.004407530454042082,0,227
-199,-0.004388189375730446,0,228
-199,-0.004369017300430315,0,229
-199,-0.004350012022646294,0,230
-199,-0.0043311713750925,0,231
-199,-0.004312493227868675,0,232
-199,-0.004293975487657518,0,233
-199,-0.004275616096942612,0,234
-199,-0.004257413033246331,0,235
-199,-0.004239364308387125,0,236
-199,-0.004221467967755622,0,237
-199,-0.00420372208960899,0,238
-199,-0.00418612478438302,0,239
-199,-0.004168674194021409,0,240
-199,-0.004151368491321763,0,241
-199,-0.004134205879297808,0,242
-199,-0.0041171845905573715,0,243
-199,-0.00410030288669565,0,244
-199,-0.004083559057703357,0,245
-199,-0.004066951421389304,0,246
-199,-0.004050478322817016,0,247
-199,-0.004034138133754992,0,248
-199,-0.004017929252140204,0,249
-199,-0.004001850101554487,0,250
-199,-0.003985899130713456,0,251
-199,-0.003970074812967581,0,252
-199,-0.003954375645815118,0,253
-199,-0.0039388001504265385,0,254
-199,-0.003923346871180159,0,255
-199,-0.003908014375208656,0,256
-199,-0.0038928012519561816,0,257
-199,-0.0038777061127457666,0,258
-199,-0.0038627275903567685,0,259
-199,-0.003847864338612062,0,260
-199,-0.003833115031974728,0,261
-199,-0.003818478365153986,0,262
-199,-0.003803953052720113,0,263
-199,-0.0037895378287281243,0,264
-199,-0.0037752314463499774,0,265
-199,-0.0037610326775150723,0,266
-199,-0.00374694031255884,0,267
-199,-0.0037329531598791947,0,268
-199,-0.003719070045600658,0,269
-199,-0.0037052898132459455,0,270
-199,-0.003691611323414833,0,271
-199,-0.0036780334534701046,0,272
-199,-0.0036645550972304068,0,273
-199,-0.0036511751646698346,0,274
-199,-0.003637892581624072,0,275
-199,-0.0036247062895029235,0,276
-199,-0.0036116152450090745,0,277
-199,-0.003598618419862927,0,278
-199,-0.0035857148005333525,0,279
-199,-0.0035729033879742175,0,280
-199,-0.003560183197366538,0,281
-199,-0.00354755325786612,0,282
-199,-0.0035350126123565567,0,283
-199,-0.003522560317207442,0,284
-199,-0.003510195442037677,0,285
-199,-0.0034979170694837496,0,286
-199,-0.00348572429497285,0,287
-199,-0.0034736162265007245,0,288
-199,-0.0034615919844141387,0,289
-199,-0.0034496507011978436,0,290
-199,-0.0034377915212659366,0,291
-199,-0.0034260136007575105,0,292
-199,-0.00341431610733649,0,293
-199,-0.0034026982199955543,0,294
-199,-0.003391159128864047,0,295
-199,-0.0033796980350197857,0,296
-199,-0.0033683141503046718,0,297
-199,-0.003357006697144014,0,298
-199,-0.0033457749083694813,0,299
-199,-0.0033346180270455955,0,300
-199,-0.003323535306299686,0,301
-199,-0.0033125260091552227,0,302
-199,-0.0033015894083684508,0,303
-199,-0.003290724786268252,0,304
-199,-0.003279931434599156,0,305
-199,-0.0032692086543674326,0,306
-199,-0.0032585557556901916,0,307
-199,-0.0032479720576474237,0,308
-199,-0.003237456888136917,0,309
-199,-0.0032270095837319797,0,310
-199,-0.003216629489541913,0,311
-199,-0.003206315959075163,0,312
-199,-0.003196068354105101,0,313
-199,-0.0031858860445383667,0,314
-199,-0.003175768408285723,0,315
-199,-0.003165714831135362,0,316
-199,-0.0031557247066286076,0,317
-199,-0.0031457974359379694,0,318
-199,-0.0031359324277474864,0,319
-199,-0.003126129098135319,0,320
-199,-0.0031163868704585317,0,321
-199,-0.003106705175240028,0,322
-199,-0.003097083450057584,0,323
-199,-0.003087521139434937,0,324
-199,-0.0030780176947348883,0,325
-199,-0.0030685725740543708,0,326
-199,-0.003059185242121445,0,327
-199,-0.0030498551701941792,0,328
-199,-0.003040581835961374,0,329
-199,-0.003031364723445093,0,330
-199,-0.00302220332290496,0,331
-199,-0.0030130971307441895,0,332
-199,-0.003004045649417306,0,333
-199,-0.002995048387339524,0,334
-199,-0.002986104858797755,0,335
-199,-0.0029772145838631975,0,336
-199,-0.002968377088305489,0,337
-199,-0.0029595919035083807,0,338
-199,-0.0029508585663869037,0,339
-199,-0.0029421766193060014,0,340
-199,-0.0029335456100005896,0,341
-199,-0.002924965091497024,0,342
-199,-0.002916434622035935,0,343
-199,-0.00290795376499642,0,344
-199,-0.002899522088821541,0,345
-199,-0.0028911391669451266,0,346
-199,-0.002882804577719832,0,347
-199,-0.0028745179043464446,0,348
-199,-0.0028662787348044017,0,349
-199,-0.0028580866617835036,0,350
-199,-0.00284994128261679,0,351
-199,-0.002841842199214566,0,352
-199,-0.0028337890179995443,0,353
-199,-0.002825781349843091,0,354
-199,-0.0028178188100025487,0,355
-199,-0.002809901018059615,0,356
-199,-0.0028020275978597577,0,357
-199,-0.0027941981774526462,0,358
-199,-0.002786412389033577,0,359
-199,-0.002778669868885879,0,360
-199,-0.002770970257324273,0,361
-199,-0.0027633131986391723,0,362
-199,-0.002755698341041903,0,363
-199,-0.0027481253366108296,0,364
-199,-0.0027405938412383628,0,365
-199,-0.002733103514578841,0,366
-199,-0.0027256540199972605,0,367
-199,-0.0027182450245188433,0,368
-199,-0.0027108761987794244,0,369
-199,-0.0027035472169766464,0,370
-199,-0.0026962577568219385,0,371
-199,-0.0026890074994932777,0,372
-199,-0.0026817961295887015,0,373
-199,-0.0026746233350805745,0,374
-199,-0.0026674888072705824,0,375
-199,-0.0026603922407454446,0,376
-199,-0.0026533333333333335,0,377
-199,-0.0026463117860609847,0,378
-199,-0.0026393273031114885,0,379
-199,-0.002632379591782743,0,380
-199,-0.0026254683624465673,0,381
-199,-0.0026185933285084546,0,382
-199,-0.0026117542063679557,0,383
-199,-0.0026049507153796812,0,384
-199,-0.0025981825778149154,0,385
-199,-0.0025914495188238203,0,386
-199,-0.0025847512663982335,0,387
-199,-0.0025780875513350347,0,388
-199,-0.0025714581072000826,0,389
-199,-0.0025648626702927035,0,390
-199,-0.002558300979610727,0,391
-199,-0.0025517727768160545,0,392
-199,-0.002545277806200757,0,393
-199,-0.0025388158146536876,0,394
-199,-0.0025323865516275993,0,395
-199,-0.002525989769106764,0,396
-199,-0.0025196252215750822,0,397
-199,-0.0025132926659846675,0,398
-199,-0.002506991861724911,0,399
-199,-0.0025007225705920054,0,400
-199,-0.002494484556758925,0,401
-199,-0.002488277586745858,0,402
-199,-0.0024821014293910744,0,403
-199,-0.002475955855822229,0,404
-199,-0.002469840639428089,0,405
-199,-0.0024637555558306816,0,406
-199,-0.0024577003828578485,0,407
-199,-0.0024516749005162068,0,408
-199,-0.0024456788909645068,0,409
-199,-0.0024397121384873784,0,410
-199,-0.002433774429469462,0,411
-199,-0.002427865552369914,0,412
-199,-0.0024219852976972885,0,413
-199,-0.0024161334579847747,0,414
-199,-0.0024103098277658,0,415
-199,-0.002404514203549981,0,416
-199,-0.0023987463837994213,0,417
-199,-0.00239300616890535,0,418
-199,-0.002387293361165095,0,419
-199,-0.002381607764759386,0,420
-199,-0.0023759491857299774,0,421
-199,-0.0023703174319575963,0,422
-199,-0.0023647123131401953,0,423
-199,-0.00235913364077152,0,424
-199,-0.0023535812281199734,0,425
-199,-0.002348054890207785,0,426
-199,-0.002342554443790465,0,427
-199,-0.002337079707336551,0,428
-199,-0.0023316305010076394,0,429
-199,-0.00232620664663869,0,430
-199,-0.002320807967718611,0,431
-199,-0.0023154342893711094,0,432
-199,-0.00231008543833581,0,433
-199,-0.002304761242949631,0,434
-199,-0.0022994615331284234,0,435
-199,-0.0022941861403488546,0,436
-199,-0.0022889348976305496,0,437
-199,-0.0022837076395184706,0,438
-199,-0.0022785042020655386,0,439
-199,-0.002273324422815495,0,440
-199,-0.0022681681407859945,0,441
-199,-0.0022630351964519247,0,442
-199,-0.002257925431728958,0,443
-199,-0.0022528386899573205,0,444
-199,-0.0022477748158857814,0,445
-199,-0.002242733655655859,0,446
-199,-0.0022377150567862362,0,447
-199,-0.00223271886815739,0,448
-199,-0.0022277449399964178,0,449
-199,-0.002222793123862075,0,450
-199,-0.0022178632726300067,0,451
-199,-0.0022129552404781764,0,452
-199,-0.0022080688828724866,0,453
-199,-0.0022032040565525945,0,454
-199,-0.0021983606195179074,0,455
-199,-0.0021935384310137673,0,456
-199,-0.002188737351517818,0,457
-199,-0.0021839572427265444,0,458
-199,-0.002179197967541996,0,459
-199,-0.0021744593900586777,0,460
-199,-0.002169741375550613,0,461
-199,-0.002165043790458576,0,462
-199,-0.002160366502377489,0,463
-199,-0.0021557093800439807,0,464
-199,-0.0021510722933241093,0,465
-199,-0.002146455113201238,0,466
-199,-0.0021418577117640726,0,467
-199,-0.002137279962194847,0,468
-199,-0.002132721738757663,0,469
-199,-0.0021281829167869785,0,470
-199,-0.0021236633726762428,0,471
-199,-0.002119162983866674,0,472
-199,-0.0021146816288361812,0,473
-199,-0.0021102191870884276,0,474
-199,-0.0021057755391420286,0,475
-199,-0.002101350566519889,0,476
-199,-0.0020969441517386723,0,477
-199,-0.002092556178298405,0,478
-199,-0.0020881865306722073,0,479
-199,-0.002083835094296156,0,480
-199,-0.002079501755559271,0,481
-199,-0.0020751864017936284,0,482
-199,-0.002070888921264595,0,483
-199,-0.002066609203161185,0,484
-199,-0.002062347137586536,0,485
-199,-0.0020581026155484998,0,486
-199,-0.002053875528950356,0,487
-199,-0.0020496657705816315,0,488
-199,-0.002045473234109037,0,489
-199,-0.0020412978140675166,0,490
-199,-0.0020371394058514014,0,491
-199,-0.002032997905705675,0,492
-199,-0.0020288732107173442,0,493
-199,-0.002024765218806915,0,494
-199,-0.002020673828719969,0,495
-199,-0.0020165989400188484,0,496
-199,-0.0020125404530744336,0,497
-199,-0.0020084982690580246,0,498
-199,-0.0020044722899333184,0,499
